ChplVdebug: ver 1.2 nodes 4 nid 1 tid 2 seq 38137837122.000 1496252137.839932 0.224000 0.072000 
Etask: 1496252137.841202 1 2
task: 1496252137.846872 1 3 1 O 0 -5 63
Btask: 1496252137.847387 1 3
fork: 1496252137.847847 1 0 -2 60 0x7f51e9800c70 136 3 
f_executeOn: 1496252137.854043 1 0 -2 8 0x7f51e9800ea0 112 3
Etask: 1496252137.854154 1 3
task: 1496252137.856835 1 4 1 O 0 -5 62
Btask: 1496252137.857337 1 4
VdbMark: 1496252137.857760 1 4
End: 1496252137.857774 0.252000 0.088000 1 4
