ChplVdebug: ver 1.2 nodes 4 nid 2 tid 2 seq 38137837122.000 1496252137.841116 0.188000 0.116000 
Etask: 1496252137.842487 2 2
task: 1496252137.844107 2 3 1 O 0 -5 63
Btask: 1496252137.844786 2 3
fork: 1496252137.845404 2 0 -2 60 0x7f274e800c70 136 3 
f_executeOn: 1496252137.850035 2 0 -2 8 0x7f274e800ea0 112 3
Etask: 1496252137.850217 2 3
task: 1496252137.853906 2 4 5 O 0 -5 62
Btask: 1496252137.854715 2 4
VdbMark: 1496252137.855409 2 4
task: 1496252137.855437 2 6 4 L 98 52 61
Btask: 1496252137.855511 2 6
fork: 1496252137.856138 2 3 -2 62 0x7f2762800dd0 168 6 
Etask: 1496252137.866657 2 6
End: 1496252137.866669 0.240000 0.144000 2 4
