ChplVdebug: ver 1.2 nodes 4 nid 3 tid 2 seq 38137837122.000 1496252137.847609 0.044000 0.112000 
Etask: 1496252137.848934 3 2
task: 1496252137.852189 3 3 1 O 0 -5 63
Btask: 1496252137.852788 3 3
fork: 1496252137.853269 3 0 -2 60 0x7fbebf800c70 136 3 
f_executeOn: 1496252137.856053 3 0 -2 8 0x7fbebf800ea0 112 3
Etask: 1496252137.856163 3 3
task: 1496252137.865358 3 4 1 O 0 -5 62
Btask: 1496252137.867127 3 4
VdbMark: 1496252137.867719 3 4
End: 1496252137.867757 0.060000 0.112000 3 4
