ChplVdebug: ver 1.2 nodes 16 nid 11 tid 2 seq 55076425295.000 1496269076.431162 0.520000 0.192000 
Etask: 1496269076.432968 11 2
task: 1496269076.556624 11 3 4 O 0 -5 84
Btask: 1496269076.557242 11 3
VdbMark: 1496269076.557720 11 3
End: 1496269076.557732 0.712000 0.252000 11 3
