ChplVdebug: ver 1.2 nodes 16 nid 1 tid 2 seq 55076425295.000 1496269076.425069 0.428000 0.172000 
Etask: 1496269076.426515 1 2
task: 1496269076.549026 1 3 4 O 0 -5 84
Btask: 1496269076.550003 1 3
VdbMark: 1496269076.550422 1 3
End: 1496269076.550440 0.560000 0.292000 1 3
