ChplVdebug: ver 1.2 nodes 16 nid 12 tid 2 seq 55076425295.000 1496269076.463632 0.592000 0.248000 
Etask: 1496269076.465196 12 2
task: 1496269076.552013 12 3 4 O 0 -5 84
Btask: 1496269076.552583 12 3
VdbMark: 1496269076.553056 12 3
task: 1496269076.553069 12 5 3 L 98 54 83
task: 1496269076.553080 12 6 3 L 98 54 83
Btask: 1496269076.553108 12 5
fork: 1496269076.553576 12 14 -2 84 0x7f992e800dd0 168 5 
Btask: 1496269076.553608 12 6
fork: 1496269076.553628 12 13 -2 84 0x7f992f003dd0 168 6 
Etask: 1496269076.555522 12 6
Etask: 1496269076.568803 12 5
End: 1496269076.568806 0.748000 0.336000 12 3
