ChplVdebug: ver 1.2 nodes 16 nid 14 tid 2 seq 55076425295.000 1496269076.462216 0.192000 0.204000 
Etask: 1496269076.463439 14 2
task: 1496269076.553947 14 3 4 O 0 -5 84
Btask: 1496269076.557705 14 3
VdbMark: 1496269076.558215 14 3
task: 1496269076.558241 14 5 3 L 98 54 83
Btask: 1496269076.560345 14 5
fork: 1496269076.560835 14 15 -2 84 0x7f0d9b800dd0 168 5 
Etask: 1496269076.567902 14 5
End: 1496269076.567911 0.284000 0.292000 14 3
