ChplVdebug: ver 1.2 nodes 16 nid 13 tid 2 seq 55076425295.000 1496269076.427688 0.564000 0.148000 
Etask: 1496269076.429168 13 2
task: 1496269076.552896 13 3 4 O 0 -5 84
Btask: 1496269076.553433 13 3
VdbMark: 1496269076.553907 13 3
End: 1496269076.553920 0.756000 0.208000 13 3
