ChplVdebug: ver 1.2 nodes 16 nid 15 tid 2 seq 55076425295.000 1496269076.442464 0.132000 0.200000 
Etask: 1496269076.458702 15 2
task: 1496269076.559722 15 3 1 O 0 -5 84
Btask: 1496269076.563583 15 3
VdbMark: 1496269076.564492 15 3
End: 1496269076.564542 0.180000 0.244000 15 3
