ChplVdebug: ver 1.2 nodes 16 nid 10 tid 2 seq 55076425295.000 1496269076.431318 0.492000 0.216000 
Etask: 1496269076.432839 10 2
task: 1496269076.552834 10 3 4 O 0 -5 84
Btask: 1496269076.553443 10 3
VdbMark: 1496269076.553905 10 3
task: 1496269076.553917 10 5 3 L 98 54 83
Btask: 1496269076.553974 10 5
fork: 1496269076.554441 10 11 -2 84 0x7fbe62800dd0 168 5 
Etask: 1496269076.556486 10 5
End: 1496269076.556490 0.632000 0.336000 10 3
