ChplVdebug: ver 1.2 nodes 16 nid 2 tid 2 seq 55076425295.000 1496269076.433093 0.516000 0.172000 
Etask: 1496269076.434205 2 2
task: 1496269076.554481 2 3 4 O 0 -5 84
Btask: 1496269076.555095 2 3
VdbMark: 1496269076.555543 2 3
task: 1496269076.555561 2 5 3 L 98 54 83
Btask: 1496269076.555627 2 5
fork: 1496269076.556052 2 3 -2 84 0x7f6df6800dd0 168 5 
Etask: 1496269076.557997 2 5
End: 1496269076.558002 0.692000 0.252000 2 3
