ChplVdebug: ver 1.2 nodes 16 nid 3 tid 2 seq 55076425295.000 1496269076.427869 0.500000 0.172000 
Etask: 1496269076.429228 3 2
task: 1496269076.552621 3 3 4 O 0 -5 84
Btask: 1496269076.553153 3 3
VdbMark: 1496269076.553573 3 3
End: 1496269076.553586 0.668000 0.260000 3 3
