ChplVdebug: ver 1.2 nodes 16 nid 4 tid 2 seq 55076425295.000 1496269076.430924 0.408000 0.216000 
Etask: 1496269076.431993 4 2
task: 1496269076.549056 4 3 4 O 0 -5 84
Btask: 1496269076.550048 4 3
VdbMark: 1496269076.550485 4 3
task: 1496269076.550506 4 5 3 L 98 54 83
task: 1496269076.550519 4 6 3 L 98 54 83
Btask: 1496269076.550551 4 6
fork: 1496269076.550569 4 5 -2 84 0x7f2987003dd0 168 6 
Btask: 1496269076.550553 4 5
fork: 1496269076.551038 4 6 -2 84 0x7f2986800dd0 168 5 
Etask: 1496269076.552392 4 6
Etask: 1496269076.555165 4 5
End: 1496269076.555169 0.576000 0.312000 4 3
