ChplVdebug: ver 1.2 nodes 16 nid 5 tid 2 seq 55076425295.000 1496269076.427772 0.476000 0.204000 
Etask: 1496269076.429270 5 2
task: 1496269076.551907 5 3 4 O 0 -5 84
Btask: 1496269076.552436 5 3
VdbMark: 1496269076.552863 5 3
End: 1496269076.552874 0.656000 0.276000 5 3
