ChplVdebug: ver 1.2 nodes 16 nid 6 tid 2 seq 55076425295.000 1496269076.429098 0.448000 0.240000 
Etask: 1496269076.430440 6 2
task: 1496269076.550876 6 3 4 O 0 -5 84
Btask: 1496269076.551436 6 3
VdbMark: 1496269076.551875 6 3
task: 1496269076.551894 6 5 3 L 98 54 83
Btask: 1496269076.551952 6 5
fork: 1496269076.552361 6 7 -2 84 0x7fc8fa800dd0 168 5 
Etask: 1496269076.554159 6 5
End: 1496269076.554164 0.584000 0.360000 6 3
