ChplVdebug: ver 1.2 nodes 16 nid 7 tid 2 seq 55076425295.000 1496269076.427381 0.476000 0.208000 
Etask: 1496269076.428908 7 2
task: 1496269076.552615 7 3 4 O 0 -5 84
Btask: 1496269076.553142 7 3
VdbMark: 1496269076.553556 7 3
End: 1496269076.553567 0.644000 0.292000 7 3
