ChplVdebug: ver 1.2 nodes 16 nid 8 tid 2 seq 55076425295.000 1496269076.466664 0.524000 0.232000 
Etask: 1496269076.467819 8 2
task: 1496269076.551001 8 3 4 O 0 -5 84
Btask: 1496269076.551964 8 3
VdbMark: 1496269076.552443 8 3
task: 1496269076.552461 8 5 3 L 98 54 83
task: 1496269076.552475 8 6 3 L 98 54 83
task: 1496269076.552496 8 7 3 L 98 54 83
Btask: 1496269076.552525 8 5
fork: 1496269076.552972 8 12 -2 84 0x7f25f2800dd0 168 5 
Btask: 1496269076.553004 8 6
fork: 1496269076.553175 8 10 -2 84 0x7f25f3003dd0 168 6 
Btask: 1496269076.553198 8 7
fork: 1496269076.553211 8 9 -2 84 0x7f25e7800dd0 168 7 
Etask: 1496269076.555200 8 7
Etask: 1496269076.557764 8 6
Etask: 1496269076.570643 8 5
End: 1496269076.570649 0.676000 0.332000 8 3
