ChplVdebug: ver 1.2 nodes 16 nid 9 tid 2 seq 55076425295.000 1496269076.427315 0.432000 0.172000 
Etask: 1496269076.428715 9 2
task: 1496269076.552153 9 3 4 O 0 -5 84
Btask: 1496269076.552809 9 3
VdbMark: 1496269076.553247 9 3
End: 1496269076.553269 0.604000 0.252000 9 3
